0.16009869369532884 9.454996570648865e-33
0.16225060347921583 3.904220985887042e-33
0.16813149472744313 6.657028607725208e-34
0.16963472624376788 3.4062391188155696e-34
0.17422554316049355 1.8388667690536353e-34
0.18296714554722882 7.196856730011587e-35
0.19214734959306404 2.742175448122119e-35
0.20268822903450062 1.0448347758440982e-35
0.20910212055451377 6.449466771037634e-36
0.22353786532216363 2.8861404414301015e-36
0.24003612416566558 1.600415704043491e-36
0.2600565521128245 8.87458693617773e-37
0.27801002863185903 6.097968620267463e-37
0.2998601907676517 3.866353752192424e-37
0.32777490174076057 2.8791166380223764e-37
0.38817161404692074 1.7771965018934143e-37
0.4416479853304038 1.1574228805920567e-37
0.4892509403015633 9.093480895585507e-38
0.5347964945709602 6.592461755871458e-38
0.5950819965485747 4.41005945417675e-38
0.707876888281114 2.4454556351154854e-38
0.7947154952738639 1.5505157798326476e-38
0.8961866555463236 1.0654013126070198e-38
1.0106138943503729 7.723794098942566e-39
1.1295523630400046 5.751595824959021e-39
1.2966552923866972 4.0594351554131116e-39
1.5152143757617105 2.865120269663817e-39
1.7627502423559527 1.4660121381054392e-39
1.9527479853536807 1.0073365757064007e-39
2.1923008195587577 6.218001087320979e-40
2.4503112267409737 3.8381945473201786e-40
2.7265251582177883 2.4335674408611875e-40
3.2145837336392153 1.1802056025824619e-40
3.5610671091016206 7.686246100397745e-41
3.9979200594966877 6.202868761603412e-41
4.428835211137508 4.744500275508674e-41
4.972141380193972 3.533036694992758e-41
5.914586542223132 2.363442133711219e-41
6.322910769176397 1.8568767086866905e-41
7.0044246594901685 1.209315676000232e-41
7.8987662213022585 7.464760408417128e-42
8.867745244314065 4.993587893473201e-42
10.089408086138874 3.6201799498238405e-42
12.163124227861054 2.175535315353872e-42
13.716140792001184 1.4948691337092437e-42
17.520171877503685 1.1434075569413919e-42
21.215372458588377 9.735534236099348e-43
25.013006391275745 8.745787920757026e-43
29.754099827428732 8.745787920757026e-43
