1.8144612509152 4.0009531093912615e-42
2.0131095231875316 3.033689677638001e-42
2.3007977979007865 2.4994044485369665e-42
2.56353811522035 2.1170014420294656e-42
2.967397255012593 1.6732378969801765e-42
3.1289307288009724 1.4570066651001567e-42
3.606535732505985 8.976871324473288e-43
3.925750113654808 6.529859639739935e-43
4.27321815113478 5.232991146815032e-43
4.741052557814739 3.913344459243575e-43
5.041714730758037 3.360797207649127e-43
5.418584115324306 2.967261141647167e-43
5.9610433978338735 2.6198065931172563e-43
6.641766595383669 2.188488308163337e-43
7.291204232633981 2.014125548909809e-43
8.038157985465809 1.7782794100389518e-43
8.95607792684135 1.6365990987932387e-43
9.978820020294316 1.4650936451923208e-43
14.92908357115119 1.4449598146687544e-43
