6.890401267647871641e+00 1.928750597544572385e-44
7.257967965485573991e+00 1.021415523497847881e-44
7.678324419272779977e+00 5.040272160182095685e-45
8.018169543111351771e+00 2.824361256627560372e-45
8.409397671325262280e+00 1.628007651545052878e-45
9.617719357247532130e+00 7.592208007417579042e-46
1.081074937831561300e+01 4.763367732971925536e-46
1.143687066915917327e+01 3.992335162948146161e-46
1.252580489189389112e+01 3.117920451316654137e-46
1.457593300969295491e+01 2.558441317696338066e-46
1.696161044633142012e+01 2.435022998810472246e-46
1.973775735260187147e+01 2.400866977320809778e-46
2.306797140499369192e+01 2.317558336680872248e-46
2.743118152641524077e+01 2.268967215951809935e-46
3.619267555526090518e+01 2.400866977320809778e-46
4.417138998311758513e+01 2.540434344870668492e-46
5.929809647866463962e+01 3.009730486243073894e-46
8.170068641891207051e+01 3.799746303930074020e-46
1.068661405941498401e+02 4.598081736517068572e-46
2.541064412625391071e+02 1.014226536418847266e-45
4.700026574339460126e+02 1.848720110981483471e-45
1.056390413452353187e+03 4.194685323287777169e-45
2.022814755047310200e+03 7.977016507938940984e-45
1.008699383711373957e+04 4.020633422627764137e-44
