6.890401267647872 -43.71472392638037
7.257967965485574 -43.990797546012274
7.67832441927278 -44.29754601226994
8.018169543111352 -44.54907975460123
8.409397671325262 -44.78834355828221
9.617719357247532 -45.11963190184049
10.810749378315613 -45.32208588957055
11.436870669159173 -45.398773006134974
12.525804891893891 -45.50613496932515
14.575933009692955 -45.5920245398773
16.96161044633142 -45.61349693251534
19.73775735260187 -45.61963190184049
23.067971404993692 -45.63496932515338
27.43118152641524 -45.644171779141104
36.192675555260905 -45.61963190184049
44.171389983117585 -45.59509202453988
59.29809647866464 -45.52147239263804
81.70068641891207 -45.420245398773005
106.86614059414984 -45.33742331288344
254.1064412625391 -44.99386503067485
470.002657433946 -44.73312883435583
1056.3904134523532 -44.377300613496935
2022.8147550473102 -44.09815950920245
10086.99383711374 -43.395705521472394
